.08 .12 .24 .24 .24 .24
5.3 4.2 8 7.2 6.7 6.3
.48 .0835 .8681
41.9366 25.8156 18.314 14.1199 11.4677 9.6463
.0364 .0727 .2182 .2182 .2182 .2182
7.2 4.8 7.9 7.7 7 6.6
.48 .0707 .6809
41.9366 25.8156 18.314 14.1199 11.4677 9.6463
.0762 .0762 .2286 .2286 .2286 .2286
5.3 4.8 7.9 7.5 7 6.6
.48 .0795 .7874
41.9366 25.8156 18.314 14.1199 11.4677 9.6463
.0783 .1175 .235 .235 .235 .235
5.3 4.2 8 7.4 6.9 6.5
.47 .0801 .815
42.5369 26.2915 18.6769 14.408 11.705 9.8475
5.7 4.8 7.9 7.7 7 6.6
.48 .075 .7273
41.9366 25.8156 18.314 14.1199 11.4677 9.6463